<?xml version="1.0" encoding="UTF-8"?>
<kml xmlns="http://earth.google.com/kml/2.1">
 <Document>
  <name>Jordan</name>
  <description>Jordan River</description>
  <Style id="style1">
   <LineStyle>
    <color>99ff0000</color>
    <width>4</width>
   </LineStyle>
  </Style>
  <Placemark>
   <name>Jordan River</name>
   <description>Jordan River</description>
   <ExtendedData><SchemaData schemaUrl="#jordan">
		<SimpleData name="field_1">17</SimpleData>
		<SimpleData name="Event">Jordan River</SimpleData>
		<SimpleData name="Location">Jordan</SimpleData>
		<SimpleData name="Scripture"></SimpleData>
                <SimpleData name="Picture">images/jordan.jpg</SimpleData>
		<SimpleData name="lat">N31 42 15.67 </SimpleData>
		<SimpleData name="long">E35 12 27</SimpleData>
		<SimpleData name="Website Link">http://en.wikipedia.org/wiki/Jordan_River</SimpleData>
		<SimpleData name="Lat_decimal">31.704353</SimpleData>
		<SimpleData name="Lon_decimal">35.2075</SimpleData>
	</SchemaData></ExtendedData>
   <styleUrl>#style1</styleUrl>
   <LineString>
    <altitudeMode>relative</altitudeMode>
    <coordinates>
35.5792,32.7105
35.5779,32.7100
35.5765,32.7104
35.5753,32.7112
35.5739,32.7115
35.5724,32.7114
35.5712,32.7106
35.5711,32.7094
35.5708,32.7091
35.5696,32.7093
35.5686,32.7094
35.5679,32.7090
35.5677,32.7082
35.5679,32.7060
35.5676,32.7039
35.5665,32.7024
35.5647,32.7023
35.5633,32.7024
35.5626,32.7017
35.5627,32.7005
35.5633,32.6998
35.5642,32.6997
35.5655,32.6998
35.5663,32.7002
35.5673,32.7000
35.5673,32.6995
35.5663,32.6988
35.5659,32.6975
35.5660,32.6967
35.5673,32.6963
35.5687,32.6957
35.5691,32.6947
35.5699,32.6944
35.5710,32.6943
35.5709,32.6939
35.5701,32.6928
35.5688,32.6919
35.5681,32.6913
35.5682,32.6905
35.5691,32.6897
35.5706,32.6889
35.5706,32.6882
35.5696,32.6870
35.5680,32.6867
35.5666,32.6866
35.5668,32.6879
35.5677,32.6892
35.5663,32.6895
35.5636,32.6897
35.5628,32.6888
35.5627,32.6876
35.5594,32.6853
35.5594,32.6844
35.5612,32.6835
35.5622,32.6819
35.5619,32.6811
35.5602,32.6802
35.5588,32.6787
35.5573,32.6771
35.5568,32.6750
35.5577,32.6733
35.5590,32.6728
35.5600,32.6728
35.5612,32.6717
35.5629,32.6686
35.5642,32.6670
35.5642,32.6654
35.5646,32.6623
35.5649,32.6605
35.5664,32.6586
35.5682,32.6563
35.5698,32.6552
35.5701,32.6535
35.5687,32.6522
35.5683,32.6512
35.5689,32.6500
35.5682,32.6495
35.5664,32.6496
35.5647,32.6487
35.5614,32.6463
35.5614,32.6451
35.5640,32.6445
35.5672,32.6441
35.5678,32.6418
35.5668,32.6397
35.5635,32.6390
35.5611,32.6381
35.5609,32.6370
35.5630,32.6365
35.5660,32.6352
35.5679,32.6335
35.5669,32.6308
35.5659,32.6294
35.5636,32.6290
35.5623,32.6266
35.5616,32.6248
35.5620,32.6244
35.5636,32.6248
35.5646,32.6245
35.5662,32.6227
35.5680,32.6214
35.5690,32.6186
35.5715,32.6148
35.5726,32.6101
35.5724,32.6063
35.5712,32.6051
35.5678,32.6044
35.5666,32.6033
35.5669,32.5997
35.5676,32.5963
35.5694,32.5963
35.5723,32.5980
35.5762,32.5979
35.5779,32.5969
35.5779,32.5956
35.5767,32.5914
35.5759,32.5867
35.5775,32.5817
35.5765,32.5682
35.5751,32.5661
35.5739,32.5662
35.5715,32.5670
35.5704,32.5665
35.5703,32.5646
35.5767,32.5575
35.5770,32.5565
35.5759,32.5550
35.5765,32.5534
35.5772,32.5522
35.5751,32.5509
35.5728,32.5493
35.5718,32.5495
35.5708,32.5511
35.5715,32.5523
35.5697,32.5521
35.5684,32.5507
35.5682,32.5492
35.5699,32.5490
35.5712,32.5480
35.5716,32.5465
35.5710,32.5450
35.5695,32.5438
35.5708,32.5415
35.5715,32.5402
35.5661,32.5391
35.5649,32.5414
35.5646,32.5445
35.5627,32.5453
35.5606,32.5449
35.5607,32.5437
35.5625,32.5418
35.5630,32.5397
35.5623,32.5388
35.5609,32.5383
35.5600,32.5363
35.5601,32.5345
35.5600,32.5331
35.5594,32.5320
35.5603,32.5307
35.5622,32.5309
35.5631,32.5304
35.5641,32.5278
35.5637,32.5264
35.5645,32.5260
35.5657,32.5263
35.5668,32.5266
35.5673,32.5268
35.5670,32.5251
35.5659,32.5230
35.5649,32.5216
35.5630,32.5208
35.5600,32.5211
35.5573,32.5212
35.5557,32.5214
35.5548,32.5203
35.5545,32.5197
35.5555,32.5191
35.5557,32.5173
35.5545,32.5161
35.5528,32.5150
35.5532,32.5135
35.5548,32.5131
35.5571,32.5120
35.5579,32.5106
35.5597,32.5100
35.5605,32.5092
35.5594,32.5078
35.5601,32.5074
35.5615,32.5080
35.5612,32.5106
35.5617,32.5142
35.5626,32.5144
35.5631,32.5130
35.5630,32.5107
35.5642,32.5082
35.5646,32.5069
35.5630,32.5057
35.5601,32.5043
35.5580,32.5035
35.5589,32.5019
35.5613,32.5020
35.5639,32.5019
35.5656,32.4996
35.5669,32.4980
35.5702,32.4995
35.5733,32.4980
35.5753,32.4971
35.5804,32.4883
35.5797,32.4870
35.5774,32.4872
35.5767,32.4859
35.5745,32.4843
35.5713,32.4831
35.5661,32.4816
35.5655,32.4809
35.5673,32.4799
35.5696,32.4783
35.5695,32.4765
35.5678,32.4754
35.5650,32.4746
35.5645,32.4725
35.5648,32.4713
35.5666,32.4714
35.5677,32.4712
35.5674,32.4702
35.5665,32.4682
35.5647,32.4677
35.5636,32.4690
35.5628,32.4684
35.5625,32.4669
35.5636,32.4662
35.5639,32.4654
35.5630,32.4651
35.5618,32.4648
35.5624,32.4632
35.5640,32.4619
35.5656,32.4615
35.5665,32.4610
35.5677,32.4609
35.5683,32.4622
35.5691,32.4616
35.5700,32.4610
35.5709,32.4618
35.5713,32.4611
35.5710,32.4605
35.5719,32.4598
35.5736,32.4591
35.5733,32.4580
35.5718,32.4562
35.5710,32.4534
35.5698,32.4530
35.5666,32.4530
35.5667,32.4509
35.5664,32.4473
35.5674,32.4458
35.5668,32.4436
35.5651,32.4421
35.5651,32.4413
35.5663,32.4414
35.5673,32.4422
35.5682,32.4415
35.5679,32.4398
35.5666,32.4375
35.5661,32.4358
35.5636,32.4341
35.5612,32.4338
35.5593,32.4353
35.5580,32.4358
35.5570,32.4338
35.5564,32.4316
35.5564,32.4281
35.5610,32.4253
35.5583,32.4240
35.5530,32.4252
35.5507,32.4208
35.5542,32.4181
35.5574,32.4190
35.5576,32.4161
35.5579,32.4137
35.5603,32.4123
35.5591,32.4098
35.5576,32.4061
35.5597,32.4007
35.5545,32.3995
35.5511,32.4034
35.5468,32.4011
35.5487,32.3972
35.5502,32.3927
35.5533,32.3900
35.5554,32.3879
35.5590,32.3863
35.5614,32.3858
35.5627,32.3832
35.5614,32.3807
35.5595,32.3803
35.5597,32.3782
35.5624,32.3784
35.5634,32.3737
35.5614,32.3643
35.5588,32.3637
35.5550,32.3659
35.5523,32.3650
35.5531,32.3614
35.5545,32.3550
35.5583,32.3489
35.5548,32.3434
35.5562,32.3330
35.5545,32.3269
35.5535,32.3214
35.5593,32.3176
35.5634,32.3106
35.5603,32.3048
35.5566,32.2996
35.5569,32.2967
35.5634,32.2926
35.5676,32.2851
35.5651,32.2796
35.5621,32.2738
35.5579,32.2729
35.5593,32.2680
35.5603,32.2645
35.5641,32.2610
35.5617,32.2561
35.5631,32.2511
35.5665,32.2497
35.5703,32.2508
35.5693,32.2465
35.5665,32.2421
35.5617,32.2418
35.5634,32.2384
35.5624,32.2340
35.5631,32.2299
35.5658,32.2285
35.5703,32.2296
35.5710,32.2276
35.5662,32.2259
35.5676,32.2204
35.5668,32.2187
35.5675,32.2182
35.5686,32.2173
35.5694,32.2165
35.5691,32.2147
35.5689,32.2137
35.5693,32.2132
35.5702,32.2132
35.5721,32.2133
35.5735,32.2128
35.5740,32.2112
35.5733,32.2102
35.5722,32.2098
35.5712,32.2100
35.5689,32.2118
35.5682,32.2115
35.5676,32.2110
35.5670,32.2103
35.5669,32.2095
35.5674,32.2086
35.5676,32.2080
35.5671,32.2072
35.5663,32.2067
35.5644,32.2057
35.5630,32.2048
35.5628,32.2038
35.5629,32.2031
35.5640,32.2025
35.5648,32.2018
35.5652,32.2008
35.5667,32.1975
35.5673,32.1972
35.5685,32.1974
35.5694,32.1976
35.5699,32.1972
35.5701,32.1961
35.5697,32.1946
35.5693,32.1931
35.5698,32.1927
35.5702,32.1919
35.5691,32.1907
35.5679,32.1893
35.5671,32.1884
35.5660,32.1874
35.5645,32.1873
35.5622,32.1894
35.5606,32.1899
35.5594,32.1893
35.5586,32.1881
35.5588,32.1867
35.5601,32.1861
35.5618,32.1851
35.5625,32.1840
35.5621,32.1831
35.5612,32.1822
35.5596,32.1811
35.5588,32.1791
35.5590,32.1768
35.5595,32.1751
35.5596,32.1739
35.5589,32.1736
35.5576,32.1739
35.5558,32.1748
35.5551,32.1766
35.5537,32.1767
35.5529,32.1759
35.5531,32.1740
35.5526,32.1717
35.5524,32.1703
35.5534,32.1702
35.5547,32.1706
35.5559,32.1709
35.5568,32.1705
35.5576,32.1694
35.5575,32.1681
35.5567,32.1669
35.5558,32.1666
35.5539,32.1667
35.5518,32.1674
35.5505,32.1678
35.5495,32.1677
35.5487,32.1672
35.5483,32.1664
35.5487,32.1657
35.5499,32.1652
35.5516,32.1641
35.5520,32.1632
35.5517,32.1621
35.5511,32.1614
35.5497,32.1606
35.5501,32.1601
35.5511,32.1598
35.5530,32.1600
35.5549,32.1596
35.5579,32.1589
35.5585,32.1570
35.5579,32.1561
35.5573,32.1552
35.5564,32.1544
35.5562,32.1529
35.5567,32.1518
35.5579,32.1517
35.5594,32.1516
35.5601,32.1510
35.5600,32.1500
35.5588,32.1472
35.5573,32.1442
35.5551,32.1438
35.5537,32.1441
35.5523,32.1459
35.5511,32.1456
35.5503,32.1448
35.5501,32.1435
35.5488,32.1421
35.5478,32.1420
35.5466,32.1432
35.5455,32.1438
35.5447,32.1434
35.5442,32.1423
35.5436,32.1412
35.5434,32.1399
35.5440,32.1386
35.5449,32.1369
35.5464,32.1354
35.5483,32.1347
35.5501,32.1348
35.5508,32.1342
35.5506,32.1335
35.5492,32.1330
35.5476,32.1323
35.5461,32.1316
35.5458,32.1306
35.5467,32.1300
35.5479,32.1299
35.5500,32.1295
35.5508,32.1291
35.5511,32.1281
35.5503,32.1271
35.5488,32.1262
35.5480,32.1253
35.5484,32.1246
35.5493,32.1238
35.5490,32.1227
35.5480,32.1218
35.5467,32.1208
35.5453,32.1195
35.5445,32.1181
35.5436,32.1163
35.5425,32.1149
35.5414,32.1133
35.5399,32.1114
35.5371,32.1092
35.5345,32.1083
35.5331,32.1078
35.5330,32.1065
35.5337,32.1051
35.5344,32.1041
35.5349,32.1030
35.5367,32.0986
35.5394,32.0939
35.5413,32.0916
35.5435,32.0856
35.5447,32.0827
35.5430,32.0814
35.5394,32.0797
35.5382,32.0772
35.5368,32.0753
35.5337,32.0768
35.5325,32.0749
35.5342,32.0736
35.5353,32.0721
35.5344,32.0698
35.5329,32.0689
35.5305,32.0682
35.5305,32.0658
35.5293,32.0648
35.5286,32.0622
35.5303,32.0612
35.5296,32.0592
35.5288,32.0568
35.5301,32.0558
35.5282,32.0548
35.5294,32.0517
35.5293,32.0497
35.5267,32.0491
35.5236,32.0504
35.5222,32.0491
35.5207,32.0477
35.5195,32.0466
35.5197,32.0439
35.5224,32.0446
35.5231,32.0433
35.5219,32.0417
35.5207,32.0383
35.5191,32.0354
35.5205,32.0327
35.5217,32.0296
35.5231,32.0273
35.5217,32.0245
35.5221,32.0232
35.5224,32.0221
35.5227,32.0218
35.5233,32.0220
35.5239,32.0218
35.5242,32.0215
35.5246,32.0208
35.5247,32.0203
35.5250,32.0200
35.5256,32.0200
35.5271,32.0201
35.5279,32.0200
35.5286,32.0192
35.5288,32.0172
35.5276,32.0162
35.5262,32.0159
35.5252,32.0157
35.5243,32.0147
35.5237,32.0142
35.5228,32.0142
35.5223,32.0140
35.5226,32.0133
35.5230,32.0126
35.5239,32.0120
35.5245,32.0126
35.5245,32.0137
35.5253,32.0143
35.5262,32.0148
35.5270,32.0150
35.5271,32.0144
35.5273,32.0136
35.5273,32.0128
35.5271,32.0095
35.5281,32.0090
35.5290,32.0090
35.5289,32.0084
35.5286,32.0073
35.5281,32.0068
35.5259,32.0055
35.5256,32.0046
35.5260,32.0038
35.5265,32.0037
35.5264,32.0032
35.5261,32.0029
35.5256,32.0032
35.5254,32.0030
35.5259,32.0027
35.5267,32.0024
35.5270,32.0018
35.5271,32.0012
35.5277,32.0010
35.5281,32.0009
35.5285,32.0007
35.5288,32.0001
35.5296,31.9999
35.5304,32.0000
35.5306,32.0007
35.5308,32.0013
35.5314,32.0013
35.5318,32.0009
35.5322,32.0003
35.5321,31.9999
35.5318,31.9995
35.5316,31.9989
35.5319,31.9986
35.5326,31.9986
35.5334,31.9990
35.5337,32.0001
35.5334,32.0009
35.5326,32.0011
35.5327,32.0018
35.5335,32.0019
35.5345,32.0015
35.5355,32.0008
35.5358,32.0000
35.5356,31.9991
35.5353,31.9984
35.5351,31.9977
35.5357,31.9974
35.5365,31.9971
35.5388,31.9959
35.5389,31.9951
35.5384,31.9944
35.5371,31.9939
35.5362,31.9932
35.5354,31.9927
35.5354,31.9919
35.5361,31.9917
35.5370,31.9916
35.5371,31.9913
35.5369,31.9907
35.5351,31.9892
35.5348,31.9886
35.5353,31.9882
35.5361,31.9881
35.5371,31.9881
35.5371,31.9876
35.5367,31.9869
35.5363,31.9863
35.5351,31.9865
35.5338,31.9869
35.5330,31.9867
35.5329,31.9863
35.5333,31.9858
35.5337,31.9855
35.5349,31.9851
35.5353,31.9846
35.5357,31.9839
35.5364,31.9818
35.5377,31.9807
35.5390,31.9800
35.5403,31.9794
35.5414,31.9782
35.5420,31.9772
35.5420,31.9765
35.5415,31.9762
35.5412,31.9761
35.5407,31.9764
35.5402,31.9761
35.5398,31.9762
35.5396,31.9758
35.5397,31.9754
35.5398,31.9751
35.5405,31.9751
35.5406,31.9748
35.5402,31.9743
35.5402,31.9738
35.5406,31.9736
35.5411,31.9735
35.5416,31.9735
35.5420,31.9741
35.5426,31.9742
35.5426,31.9737
35.5430,31.9734
35.5437,31.9729
35.5440,31.9726
35.5441,31.9718
35.5439,31.9711
35.5443,31.9706
35.5461,31.9696
35.5467,31.9698
35.5463,31.9702
35.5465,31.9712
35.5468,31.9718
35.5477,31.9720
35.5481,31.9716
35.5481,31.9710
35.5478,31.9704
35.5478,31.9696
35.5482,31.9691
35.5482,31.9684
35.5478,31.9679
35.5471,31.9679
35.5465,31.9679
35.5460,31.9676
35.5456,31.9671
35.5455,31.9667
35.5447,31.9662
35.5438,31.9659
35.5431,31.9657
35.5429,31.9652
35.5431,31.9646
35.5436,31.9640
35.5443,31.9636
35.5450,31.9631
35.5454,31.9622
35.5456,31.9616
35.5459,31.9610
35.5459,31.9606
35.5454,31.9606
35.5448,31.9608
35.5441,31.9610
35.5433,31.9608
35.5425,31.9604
35.5421,31.9600
35.5418,31.9595
35.5420,31.9591
35.5421,31.9585
35.5420,31.9573
35.5416,31.9565
35.5415,31.9559
35.5425,31.9555
35.5433,31.9547
35.5436,31.9539
35.5438,31.9531
35.5436,31.9526
35.5432,31.9521
35.5425,31.9519
35.5418,31.9515
35.5414,31.9511
35.5414,31.9507
35.5417,31.9501
35.5421,31.9498
35.5430,31.9466
35.5442,31.9443
35.5418,31.9434
35.5432,31.9418
35.5425,31.9399
35.5413,31.9380
35.5420,31.9361
35.5449,31.9364
35.5454,31.9347
35.5437,31.9334
35.5406,31.9328
35.5385,31.9315
35.5361,31.9291
35.5360,31.9268
35.5361,31.9246
35.5325,31.9240
35.5284,31.9232
35.5269,31.9217
35.5272,31.9192
35.5276,31.9160
35.5267,31.9131
35.5257,31.9101
35.5243,31.9077
35.5258,31.9064
35.5257,31.9039
35.5276,31.9019
35.5301,31.8997
35.5324,31.8980
35.5339,31.8950
35.5325,31.8921
35.5320,31.8888
35.5351,31.8857
35.5354,31.8831
35.5394,31.8796
35.5406,31.8773
35.5400,31.8765
35.5408,31.8751
35.5418,31.8746
35.5436,31.8749
35.5445,31.8751
35.5453,31.8741
35.5461,31.8734
35.5470,31.8732
35.5477,31.8729
35.5484,31.8741
35.5492,31.8734
35.5490,31.8725
35.5468,31.8714
35.5456,31.8703
35.5477,31.8679
35.5472,31.8664
35.5488,31.8663
35.5487,31.8655
35.5477,31.8648
35.5464,31.8652
35.5453,31.8660
35.5446,31.8659
35.5451,31.8651
35.5468,31.8643
35.5467,31.8637
35.5459,31.8636
35.5444,31.8643
35.5436,31.8640
35.5436,31.8633
35.5444,31.8628
35.5444,31.8619
35.5429,31.8613
35.5427,31.8606
35.5430,31.8597
35.5426,31.8593
35.5419,31.8589
35.5414,31.8592
35.5411,31.8599
35.5410,31.8607
35.5408,31.8609
35.5402,31.8609
35.5396,31.8607
35.5396,31.8601
35.5401,31.8597
35.5402,31.8591
35.5400,31.8585
35.5395,31.8582
35.5389,31.8584
35.5384,31.8585
35.5383,31.8583
35.5385,31.8580
35.5398,31.8577
35.5397,31.8574
35.5383,31.8568
35.5367,31.8569
35.5364,31.8564
35.5366,31.8561
35.5371,31.8552
35.5379,31.8550
35.5385,31.8549
35.5390,31.8543
35.5402,31.8542
35.5415,31.8546
35.5419,31.8546
35.5421,31.8541
35.5420,31.8537
35.5407,31.8530
35.5405,31.8523
35.5401,31.8520
35.5393,31.8521
35.5390,31.8518
35.5391,31.8514
35.5397,31.8508
35.5411,31.8501
35.5419,31.8502
35.5425,31.8505
35.5430,31.8505
35.5432,31.8501
35.5431,31.8499
35.5426,31.8496
35.5416,31.8488
35.5411,31.8485
35.5411,31.8483
35.5421,31.8483
35.5424,31.8484
35.5428,31.8490
35.5434,31.8494
35.5437,31.8493
35.5441,31.8490
35.5446,31.8484
35.5451,31.8483
35.5457,31.8484
35.5461,31.8482
35.5463,31.8479
35.5463,31.8474
35.5463,31.8468
35.5459,31.8466
35.5452,31.8465
35.5440,31.8469
35.5435,31.8471
35.5432,31.8469
35.5431,31.8466
35.5433,31.8461
35.5434,31.8457
35.5438,31.8454
35.5445,31.8453
35.5464,31.8447
35.5474,31.8441
35.5484,31.8440
35.5490,31.8439
35.5488,31.8433
35.5484,31.8428
35.5473,31.8425
35.5467,31.8429
35.5454,31.8429
35.5447,31.8428
35.5449,31.8424
35.5450,31.8417
35.5451,31.8413
35.5457,31.8412
35.5465,31.8412
35.5471,31.8408
35.5474,31.8403
35.5471,31.8401
35.5468,31.8397
35.5468,31.8393
35.5473,31.8388
35.5477,31.8382
35.5476,31.8376
35.5473,31.8372
35.5465,31.8367
35.5464,31.8363
35.5467,31.8360
35.5474,31.8361
35.5484,31.8364
35.5490,31.8366
35.5493,31.8361
35.5493,31.8356
35.5491,31.8351
35.5484,31.8349
35.5474,31.8347
35.5469,31.8342
35.5469,31.8337
35.5467,31.8328
35.5464,31.8319
35.5468,31.8313
35.5472,31.8309
35.5470,31.8305
35.5465,31.8304
35.5456,31.8306
35.5450,31.8306
35.5446,31.8305
35.5447,31.8301
35.5454,31.8296
35.5471,31.8295
35.5476,31.8292
35.5476,31.8286
35.5471,31.8274
35.5472,31.8266
35.5480,31.8257
35.5487,31.8250
35.5488,31.8243
35.5484,31.8234
35.5473,31.8231
35.5462,31.8228
35.5452,31.8225
35.5445,31.8227
35.5433,31.8226
35.5430,31.8221
35.5428,31.8211
35.5423,31.8200
35.5419,31.8197
35.5409,31.8193
35.5403,31.8189
35.5404,31.8186
35.5410,31.8185
35.5417,31.8187
35.5422,31.8184
35.5429,31.8180
35.5436,31.8180
35.5440,31.8174
35.5443,31.8167
35.5444,31.8157
35.5441,31.8152
35.5436,31.8143
35.5436,31.8139
35.5442,31.8135
35.5443,31.8129
35.5440,31.8120
35.5436,31.8112
35.5429,31.8109
35.5427,31.8104
35.5433,31.8099
35.5434,31.8090
35.5429,31.8062
35.5428,31.8049
35.5437,31.8043
35.5448,31.8035
35.5457,31.8027
35.5466,31.8017
35.5467,31.8007
35.5473,31.7996
35.5487,31.7986
35.5501,31.7976
35.5514,31.7964
35.5509,31.7950
35.5504,31.7937
35.5506,31.7925
35.5511,31.7917
35.5512,31.7899
35.5501,31.7876
35.5474,31.7837
35.5480,31.7817
35.5495,31.7780
35.5512,31.7754
35.5525,31.7732
35.5546,31.7725
35.5556,31.7710
35.5550,31.7690
35.5535,31.7679
35.5530,31.7670
35.5536,31.7665
35.5577,31.7657
35.5583,31.7646
35.5582,31.7631
35.5581,31.7617
35.5582,31.7605
35.5584,31.7601
   </coordinates>
   </LineString>
  </Placemark>
 </Document>
</kml>
